fcc

  28.02803   0.00000   0.00000

   0.00000  28.02803   0.00000

   0.00000   0.00000  28.02803

         T
ATOM
             5.10418            13.96484            10.39464
             3.45385            14.24090            10.66262
             4.75799            15.51013             9.50285
             5.06911            15.09343            11.65778
             4.68581            14.62138            10.51808
             5.52172            13.35626            10.26927
             5.25812            12.42949            11.17107
             5.27203            12.92805             9.02395
             6.81447            13.55676            10.35075
             2.39980             4.40817            -9.21551
             2.61933             3.35317            -7.83757
             4.00238             3.62322            -9.58963
             1.94320             2.81278            -9.77768
             2.74187             3.66621            -9.10563
             2.13337             5.10351            -9.26633
             2.86453             6.07025            -8.76966
             2.05877             5.37796           -10.54467
             0.86275             5.24109            -8.81117
            -7.96848           -13.35722            12.97358
            -6.73430           -13.21518            11.79107
            -7.30762           -11.65106            13.13984
            -8.74827           -12.41975            11.69963
            -7.74195           -12.75206            12.50133
            -8.20046           -13.88210            13.48365
            -7.92646           -15.10428            12.88008
            -7.54053           -13.92460            14.63684
            -9.55029           -13.87924            13.67015
            -4.36397             9.84944            10.16586
            -4.35719             8.04406            10.16884
            -6.08363             9.37235            10.18807
            -4.58970             9.31327            11.82893
            -4.77291             9.27051            10.50117
            -3.95909            10.44119             9.83727
            -2.65284            10.17467             9.95389
            -4.24876            10.51264             8.51019
            -4.24916            11.67154            10.34099
            -8.09680            -6.96058             5.73899
            -7.10968            -7.43646             4.34540
            -9.24491            -7.34491             4.43605
            -8.19914            -8.72763             5.80317
            -8.13912            -7.50564             5.21215
            -8.03348            -6.40925             6.27260
            -6.84737            -6.43031             6.93443
            -8.15728            -5.24381             5.69046
            -9.03571            -6.58430             7.22012
            -9.61995           -11.69791             1.25115
            -9.95972           -10.02323             0.64809
           -11.06671           -11.26581             2.12019
           -10.87284           -11.92553             0.02657
           -10.23770           -11.29287             1.05081
            -8.96273           -12.08284             1.44864
            -7.94981           -11.24346             1.75098
            -9.23960           -12.85048             2.50716
            -8.65595           -12.89165             0.45571
             9.62321             4.71614           -10.90809
             7.88058             4.50160           -11.40614
             9.51086             5.94490           -12.04924
             8.68706             5.91461           -10.06300
             9.00021             5.13636           -11.07072
            10.16766             4.23632           -10.71157
            11.32235             4.87266           -10.60635
             9.93159             3.58846            -9.55234
            10.45649             3.51226           -11.79292
            -0.22023            10.66729            -1.60417
            -1.81969            11.45000            -2.09651
            -0.54025            10.27115            -3.34108
             0.20194            12.07856            -2.38473
            -0.57520            10.98290            -2.19177
             0.07876            10.30613            -0.96832
             1.30494             9.95608            -1.22487
             0.04015            11.11457             0.10129
            -0.47307             9.16216            -0.70960
             1.64683            -8.06822             0.86496
             1.76051            -7.62131             2.67222
             3.26142            -8.39692             1.38170
             1.48913            -9.48941             1.67864
             2.00244            -8.28770             1.54354
             1.31392            -7.73785             0.24008
             1.93656            -6.71847            -0.32602
             1.43195            -8.81527            -0.58661
            -0.01291            -7.43805             0.33588
            -3.63316            11.96637             2.38353
            -4.01860            10.60937             3.31400
            -5.21822            12.44763             3.12864
            -3.17259            12.42959             3.97728
            -3.97038            11.90991             3.05415
            -3.30191            12.08147             1.70891
            -4.16600            11.62370             0.77483
            -2.99631            13.35307             1.44421
            -2.22349            11.29783             1.66476
           -13.48930            12.67500           -10.97000
           -12.32958            12.79530           -12.23607
           -14.11078            11.66043           -12.22516
           -12.55893            11.19091           -10.86022
           -13.19808            12.21197           -11.45645
           -13.81975            13.19089           -10.44313
           -13.06984            13.16661            -9.32949
           -13.76547            14.36920           -11.05706
           -15.07641            12.83416           -10.13757
            13.27603            -1.95605             3.06951
            12.59620            -3.24016             1.92893
            12.26563            -2.96941             4.06893
            14.24618            -3.49338             3.15126
            13.16547            -2.78818             3.05291
            13.43112            -1.20685             3.03928
            12.31599            -0.50656             2.62553
            13.71866            -0.70144             4.32175
            14.48535            -0.77292             2.35027
             8.54910            -1.54762           -13.53241
             7.62808            -1.62939           -15.08149
             9.77123            -1.84358           -14.66823
             8.87855             0.04160           -14.21520
             8.61455            -1.31024           -14.23622
             8.43612            -1.77188           -12.83667
             8.60771            -3.14619           -12.76392
             9.25926            -1.20802           -11.98945
             7.17984            -1.50844           -12.47104
            -8.60523             5.87567            -8.41653
            -9.75307             4.66249            -8.18625
            -7.66959             4.35680            -8.11206
            -8.61325             5.16568            -9.95064
            -8.64591             5.10948            -8.62981
            -8.60354             6.57485            -8.15915
            -9.65484             7.27631            -8.60225
            -8.36462             6.72338            -6.87266
            -7.55138             7.11172            -8.80323
             5.77838             2.76840            13.86587
             5.78389             4.35447            13.18718
             4.96903             3.69950            15.05117
             4.16486             3.09284            13.13373
             5.25493             3.37613            13.80228
             6.25577             2.18358            13.86381
             6.60878             1.60434            12.76557
             7.43732             2.58622            14.42233
             5.73555             1.25852            14.67672
           -10.09586           -13.14473            -5.45306
           -10.23970           -12.04530            -6.80949
           -11.44535           -12.01420            -5.03589
           -11.48518           -13.68698            -6.40743
           -10.63149           -12.78223            -5.80637
            -9.45895           -13.48263            -5.04822
            -8.69601           -12.54112            -4.45491
           -10.06463           -14.32922            -4.22715
            -8.70833           -14.26712            -5.81609
            -1.70850            -0.66375            -1.96191
            -0.64376             0.64745            -2.12368
            -2.63630             0.55911            -1.14239
            -2.35681             0.28011            -3.29811
            -1.81688             0.05921            -2.11404
            -1.60220            -1.38937            -1.84846
            -2.77269            -1.96008            -1.70731
            -0.85752            -1.96131            -2.73896
            -0.98262            -1.54613            -0.73653
             9.29427            13.84437             6.20111
             9.83339            12.22704             5.60431
             9.63201            13.00649             7.68342
            11.01700            13.94719             6.41053
             9.79581            13.34378             6.40070
             8.76626            14.36945             5.96780
             7.59195            13.73824             6.26035
             8.90111            15.51424             6.64004
             8.80688            14.61754             4.62934
            -9.29648            -5.94963            12.02840
            -8.42521            -4.43937            11.70102
           -10.33905            -5.16186            10.92199
            -8.65906            -6.26455            10.59568
            -9.23325            -5.43083            11.45191
            -9.40034            -6.34088            12.61693
            -9.88794            -5.66953            13.62294
           -10.23338            -7.35076            12.33484
            -8.20854            -6.89235            12.98632
            13.14808            -7.99417            -5.31038
            14.26986            -8.71877            -4.33391
            14.32149            -6.67055            -5.00990
            14.41107            -8.40857            -6.37309
            13.91089            -7.89276            -5.26825
            12.35162            -7.98899            -5.35664
            12.25369            -9.26731            -5.70128
            11.81475            -7.81400            -4.18338
            11.83887            -7.15322            -6.25808
            -9.67139            11.97944             5.03209
            -9.55400            11.73770             6.72789
            -8.07022            12.58145             5.32203
            -8.74857            10.48020             5.12307
            -9.08877            11.69479             5.49652
           -10.27916            12.23655             4.66450
           -10.73418            13.40183             5.15808
            -9.72455            12.43100             3.43597
           -11.18093            11.26182             4.36423
            -2.57186            -1.50507             5.25926
            -3.25232             0.15605             5.06771
            -3.54026            -1.75951             3.97902
            -1.65859            -0.84496             3.85054
            -2.68960            -1.04915             4.69799
            -2.38244            -2.01472             5.86286
            -3.51953            -2.00926             6.62165
            -2.03265            -3.21408             5.44109
            -1.47314            -1.32468             6.56883
             9.43937            13.01539             0.58474
             8.00000            12.99837             1.63218
            10.14481            13.27946             2.29094
             9.49298            11.50184             1.27277
             9.28931            12.79340             1.33090
             9.57403            13.30009            -0.10496
            10.79813            13.00979            -0.51540
             8.83276            12.66313            -0.97608
             9.37731            14.60011            -0.23168
            -9.55621             7.77536           -13.89873
            -9.75887             7.54671           -12.20297
            -8.89289             9.25815           -13.29287
            -7.93620             7.30044           -13.37258
            -9.08852             7.92403           -13.30636
            -9.95259             7.60119           -14.48692
            -9.59309             8.26622           -15.58840
            -9.99547             6.36446           -14.74233
           -11.20584             7.93227           -14.19587
           -11.70326            -9.60521             9.32980
           -12.10081           -11.31073             9.58948
           -13.32200            -9.53389             9.87913
           -11.50104            -9.82385            11.14801
           -12.06215           -10.01372             9.89093
           -11.30558            -9.24185             8.77570
           -10.08860            -9.68331             8.45551
           -12.13051            -9.20930             7.69694
           -11.10110            -8.04163             9.20530
             6.10987            -8.72970           -10.80095
             7.67758            -8.85175            -9.97550
             5.93077            -8.02809            -9.23220
             6.78365            -7.13759           -10.97074
             6.52160            -8.27691           -10.35999
             5.71205            -9.17492           -11.24289
             4.79813            -8.48120           -11.88035
             6.40412            -9.70476           -12.24703
             5.05618           -10.17959           -10.49923
             9.23240            -5.49779             2.22153
             8.81242            -6.05194             3.87322
             8.39881            -7.02871             1.88829
             7.52243            -5.08054             2.50987
             8.63285            -5.86135             2.52289
             9.82930            -5.12041             1.86198
             9.77048            -5.12523             0.53374
             9.95212            -3.88657             2.31633
            10.93982            -5.82249             2.24448
            -6.99836           -12.31832             7.50481
            -8.09542           -11.86417             6.37711
            -5.89751           -11.84139             6.09667
            -6.80857           -10.59312             7.54758
            -6.91452           -11.74367             6.99382
            -7.00038           -12.88867             7.98664
            -8.15803           -12.74619             8.67336
            -7.05285           -14.04275             7.42436
            -6.02951           -12.82503             8.92825
           -10.08998             2.28853           -12.46373
            -8.86401             3.54408           -12.75467
           -10.65557             3.63631           -11.60734
           -10.86909             3.32605           -13.69570
           -10.10244             3.06292           -12.66985
           -10.02225             1.55388           -12.33057
            -9.41495             1.25547           -11.16250
           -11.33527             1.15037           -12.21838
            -9.43591             0.79376           -13.29768
            -7.87678             7.33309            -2.18652
            -6.34294             7.85538            -1.59348
            -7.04207             8.00373            -3.68347
            -6.70911             6.03287            -2.66679
            -7.16499             7.28812            -2.53227
            -8.62936             7.33227            -1.91117
            -8.89394             8.54954            -1.46299
            -9.50135             7.00329            -2.86051
            -8.74546             6.58269            -0.80740
             8.61666             7.46997             0.04161
             7.99375             8.10652            -1.58005
             6.90265             7.07389             0.09329
             8.50991             6.06936            -1.04294
             8.07192             7.24291            -0.51455
             9.10797             7.68707             0.59314
             9.11836             6.92708             1.72090
            10.35923             7.71828             0.08464
             8.84987             8.93097             0.97673
             3.70953            -0.92844            -4.32871
             5.19104            -0.77010            -3.46520
             4.84468            -0.97876            -5.63972
             4.35445            -2.58145            -4.27543
             4.37123            -1.29081            -4.40897
             3.04743            -0.63498            -4.25854
             3.25504             0.67050            -4.34577
             2.14197            -0.92512            -5.21063
             2.47024            -0.94216            -3.02915
             1.59405             5.15797            -2.99835
             0.72750             4.61899            -4.44867
             0.37819             6.39217            -3.30763
             0.18998             4.31209            -2.38205
             0.88911             5.11783            -3.21779
             2.33865             5.17850            -2.75502
             2.94741             6.07884            -3.47434
             2.47930             5.56747            -1.46492
             2.81688             3.99069            -2.92756
            -1.86297             6.88012             5.89856
            -0.67966             8.00418             6.57588
            -2.84442             8.20758             6.50462
            -1.70054             8.13714             4.65982
            -1.76011             7.64680             5.89629
            -1.91259             6.10858             5.90765
            -2.71695             5.75979             4.95121
            -0.73174             5.53134             5.68527
            -2.53819             5.64373             7.01021
           -11.79837             4.01136             2.40419
           -11.01061             3.56330             3.83936
           -13.11702             4.27351             3.60745
           -11.39271             5.51951             3.14166
           -11.87318             4.28091             3.10026
           -11.78459             3.72185             1.67819
           -12.72441             4.39745             1.00279
           -10.58184             3.95381             1.24785
           -11.92502             2.37316             1.60498
            -4.18214            -8.40522           -13.24326
            -2.83290            -7.39706           -13.70464
            -4.77830            -6.74639           -13.20351
            -4.37955            -8.14733           -14.98051
            -4.11802            -7.80704           -13.70957
            -4.32135            -8.97827           -12.77828
            -3.60978           -10.02992           -13.22432
            -3.83172            -8.77316           -11.59113
            -5.61311            -9.35337           -12.75459
             2.69195             1.93628             0.23197
             3.64988             1.04914            -0.86335
             4.11194             1.50064             1.16484
             3.92985             2.99517            -0.33818
             3.38791             1.87906             0.11232
             1.95898             1.97614             0.35724
             1.29537             1.96475            -0.79888
             1.55475             0.99599             1.22724
             1.63328             3.12295             0.99661
             5.01808            -5.76117            13.00255
             3.33757            -5.54213            13.40202
             4.49925            -7.35360            13.58436
             4.18224            -6.40679            11.61881
             4.37334            -6.22406            12.88463
             5.61794            -5.35431            13.08798
             5.58323            -4.82654            14.26515
             6.78248            -6.00767            13.05707
             5.75207            -4.39488            12.10843
             6.88866           -13.45058           -10.55661
             8.02650           -12.18752           -10.62801
             7.99865           -14.08048           -11.82360
             8.34991           -14.08577            -9.62296
             7.71926           -13.47564           -10.64489
             6.13365           -13.45567           -10.48579
             5.78823           -12.89225            -9.30832
             5.55116           -12.79028           -11.51725
             5.56972           -14.64809           -10.42845
            -6.74277           -11.96433            -9.60702
            -7.25535           -10.41224           -10.22516
            -5.74336           -10.80341            -8.68708
            -7.73691           -11.40794            -8.30293
            -6.88236           -11.30126            -9.28674
            -6.63748           -12.67223            -9.93245
            -6.00561           -12.49103           -11.12758
            -5.86418           -13.37719            -9.19481
            -7.82952           -13.26581           -10.10129
             6.54849             1.26381            -8.38989
             6.26311             2.43877            -9.57076
             7.88274             0.96239            -9.48872
             7.64327             2.54004            -7.99489
             7.05419             1.75224            -8.78042
             6.07102             0.81022            -7.99697
             6.87173            -0.06781            -7.43383
             5.43046             1.46116            -7.07705
             5.18181             0.22627            -8.77561
            -2.01937            -4.83980             2.12365
            -0.72870            -5.06093             0.89685
            -0.91735            -6.03215             2.74428
            -0.69185            -3.88039             2.69665
            -1.24812            -4.92721             2.10657
            -2.78482            -4.78453             2.14291
            -3.44535            -5.73117             1.48163
            -3.22642            -4.65466             3.43265
            -3.11024            -3.65918             1.48846
            13.79612           -13.41272             2.37471
            13.81899           -14.53141             0.90992
            13.45764           -15.03374             2.95533
            15.31395           -14.21111             2.28262
            13.98229           -14.13248             2.16937
            13.52152           -12.67709             2.55103
            13.87646           -11.74547             1.68078
            12.18798           -12.60883             2.70760
            14.17759           -12.35578             3.73038
            10.92386             3.22204            10.09503
             9.46710             2.90877            11.05073
            11.45466             2.17828            11.36183
            10.33412             1.59037             9.59473
            10.64041             2.63020            10.39366
            11.22629             3.86301             9.71858
            12.46232             3.59413             9.46333
            10.54273             4.14062             8.63885
            11.27024             4.88904            10.50990
           -13.55999             7.09198             7.29998
           -12.00697             7.07971             6.62698
           -13.00032             5.37030             7.60534
           -12.39558             7.23287             8.64949
           -12.89990             6.72642             7.51063
           -14.21892             7.37530             7.10779
           -14.90387             6.73374             6.14690
           -15.13996             7.51830             8.06312
           -13.91395             8.66896             6.69634
            -6.15186            -1.89192            -3.91373
            -7.71996            -1.64710            -3.08826
            -6.28980            -0.17336            -3.74060
            -5.61972            -1.77090            -2.24412
            -6.39830            -1.44677            -3.32655
            -5.90701            -2.31126            -4.49120
            -4.60691            -2.40836            -4.36089
            -6.46422            -3.53283            -4.37568
            -6.20952            -1.83525            -5.67900
             6.66055            -4.40879            -8.12368
             6.23461            -3.13504            -9.37174
             5.50946            -5.18591            -9.11113
             7.71584            -4.75550            -9.50328
             6.57271            -4.34801            -8.87969
             6.73425            -4.43334            -7.36815
             6.97128            -5.71402            -7.03589
             7.80091            -3.72499            -7.07047
             5.74015            -3.96015            -6.64926
             2.50957           -10.57932            -5.73473
             3.10554           -10.29927            -4.11787
             3.37646            -9.15995            -5.81540
             4.24289           -11.18245            -5.74196
             3.21547           -10.40178            -5.38308
             1.85460           -10.80527            -6.05976
             1.89831           -10.74169            -7.35978
             1.55152           -12.06454            -5.74781
             0.85048            -9.99744            -5.64237
             4.60822           -13.01162            -1.32613
             5.74437           -14.30908            -1.73390
             4.41724           -14.02893             0.10336
             6.06187           -12.60298            -0.41076
             5.09206           -13.40159            -0.92632
             4.04984           -12.63708            -1.74079
             3.65403           -11.56938            -0.97256
             4.82375           -12.13292            -2.71444
             2.99516           -13.41669            -2.21909
            13.37173             1.41239             6.74417
            13.60884            -0.25726             7.07658
            14.19916             1.40125             8.45492
            15.05500             1.13339             6.50973
            13.93039             1.03749             7.10049
            12.77918             1.80929             6.37677
            12.87962             1.65777             5.07806
            11.59499             1.42181             6.74315
            12.91417             3.10350             6.60957
            -2.23084            -6.27761            -2.45533
            -1.21612            -5.12287            -1.73970
            -2.94266            -4.76175            -2.87391
            -1.20283            -5.64905            -3.75674
            -1.96415            -5.57786            -2.64691
            -2.51560            -6.95456            -2.28316
            -3.20894            -7.59205            -3.16610
            -1.50366            -7.69832            -1.95160
            -3.29937            -6.85602            -1.23166
            -8.70166            -6.00772           -10.88408
            -9.73091            -4.80715           -11.41635
            -8.45796            -4.65879            -9.69431
           -10.08283            -6.01624            -9.67812
            -9.13864            -5.48568           -10.42174
            -8.24273            -6.52865           -11.24718
            -8.95195            -7.35712           -11.97924
            -7.50851            -5.93696           -12.14453
            -7.49167            -7.27075           -10.45465
            -1.34613             5.35202            11.98678
            -1.24185             6.88558            12.80029
             0.42739             5.63001            12.08850
            -0.93132             4.93760            13.56453
            -0.85019             5.62028            12.47671
            -1.82153             5.03576            11.49037
            -2.05898             5.92363            10.53896
            -1.26133             3.97270            10.87334
            -3.02366             4.79293            12.05914
             0.89297            -5.93799             7.62066
             1.24622            -5.75967             9.31908
             2.52052            -5.35639             7.54926
             1.88107            -7.41280             7.92254
             1.52990            -6.10594             8.04924
             0.28738            -5.78501             7.23932
            -0.70602            -6.59213             7.55000
            -0.16652            -4.49268             7.37462
             0.56271            -6.00482             5.97862
             4.76166            10.29113            -0.72843
             3.81300            10.90216            -2.00399
             4.20531             8.83126            -1.56962
             5.85428            10.23788            -2.01125
             4.69185            10.11115            -1.46539
             4.78279            10.51550            -0.00107
             5.70099            11.53524             0.03052
             3.63678            10.74136             0.53878
             5.39037             9.47083             0.65106
           -11.29662            -2.67704             6.92395
           -12.78678            -3.21263             6.23884
           -10.90477            -4.33698             6.61172
           -10.88641            -2.58918             5.23600
           -11.43732            -3.13525             6.35453
           -11.15500            -2.21692             7.50513
           -11.56953            -0.99100             7.21745
           -11.81291            -2.59398             8.55809
            -9.81986            -2.33965             7.67414
             3.70032             7.10866             9.26189
             3.92625             8.65529            10.11644
             2.11925             7.75190             9.35477
             3.60561             8.38599             8.03827
             3.42084             7.85196             9.26045
             4.00407             6.39746             9.31320
             3.19653             5.58157             8.60311
             5.28107             6.29942             8.84218
             4.05791             5.95755            10.58502
             1.75816            10.50158            13.39585
             1.71264             9.17405            14.47921
             3.51901            10.42726            13.92775
             2.47899             9.15029            12.57980
             2.28532             9.96227            13.60104
             1.24067            11.11073            13.27363
             0.07127            10.57629            12.92238
             1.02876            11.89784            14.26674
             1.73214            11.73961            12.14679
            -1.64141           -13.58655            12.03575
            -2.22388           -15.16828            12.40484
            -2.95478           -13.81527            10.85731
            -3.01921           -13.21621            12.96692
            -2.37464           -13.88347            12.02917
            -0.95786           -13.32084            12.00051
            -0.32229           -13.62524            10.92353
            -0.93162           -11.96190            11.95268
            -0.36530           -13.71265            13.13562
           -12.60213             7.52871            -4.90367
           -12.24819             7.95521            -3.17180
           -11.98528             6.10222            -4.16967
           -13.98461             6.96731            -4.04045
           -12.64706             7.27086            -4.19871
           -12.52376             7.89635            -5.56010
           -12.95069             6.95791            -6.43183
           -13.23028             9.06202            -5.73769
           -11.23486             8.05820            -5.90127
             4.62407             0.28423             9.31523
             4.11624             0.12244            10.92061
             4.26891            -1.41486             9.36528
             2.87136             0.26684             9.25623
             4.09541            -0.08056             9.61660
             5.21179             0.69645             8.97646
             6.37105             0.30438             9.56158
             5.09806             0.39278             7.69596
             4.98150             2.00385             9.11538
             7.73266             9.17960             7.28078
             7.50797            10.79235             7.90268
             8.91173             9.23053             8.66159
             6.77801             8.96378             8.66004
             7.78526             9.47510             8.01081
             7.74661             8.84080             6.61085
             6.79508             9.40106             5.93982
             8.80498             9.20698             5.93672
             7.55614             7.51029             6.54583
             7.16703            -3.67020             6.91771
             7.53069            -2.18109             7.79632
             6.01306            -3.59870             8.21258
             5.98567            -2.60853             6.30802
             6.73860            -3.13534             7.24080
             7.60042            -4.20641             6.61105
             8.44512            -4.72660             7.46977
             6.72090            -5.15241             6.15868
             8.30360            -3.75304             5.55053
            -7.19353             7.11905             5.07105
            -5.58305             7.02571             5.66841
            -7.12335             5.61141             6.06058
            -7.26042             7.67602             6.66475
            -6.89263             6.89220             5.71144
            -7.54821             7.32955             4.37594
            -7.38341             6.34321             3.43059
            -8.84703             7.62148             4.64660
            -6.92989             8.44680             3.98994
             8.99930            10.72852            -4.78131
            10.57637            10.06079            -4.92085
            10.03870            11.71113            -3.66129
             9.91532            11.82222            -5.79793
             9.72743            11.04563            -4.77052
             8.30573            10.49250            -4.77025
             8.09123             9.50809            -3.87427
             7.34276            11.36772            -4.58380
             8.00960             9.84990            -5.86354
            10.40861             6.07841            -5.52050
            10.02112             7.68133            -5.83792
            11.41811             6.93729            -4.35468
             9.33602             6.41148            -4.15421
            10.33371             6.63506            -5.01809
            10.52309             5.51101            -5.98594
            11.46363             5.72425            -6.83051
            10.75622             4.40522            -5.25195
             9.43157             5.31766            -6.71708
             5.73336            -8.06861             6.52988
             6.65493            -7.56074             5.04633
             4.47735            -7.84974             5.25563
             5.89554            -9.46278             5.58329
             5.71455            -8.15594             5.74071
             5.77472            -7.92493             7.28061
             6.97953            -8.12187             7.78778
             5.43481            -6.69758             7.58985
             4.94374            -8.75461             7.94066
            -7.01904            -3.66322             1.05253
            -6.24540            -4.68131            -0.05705
            -7.71776            -3.17178            -0.55128
            -8.29348            -4.83784             0.75386
            -7.29182            -3.98059             0.39203
            -6.80110            -3.29454             1.66416
            -6.19754            -4.26847             2.45314
            -5.83890            -2.39549             1.41906
            -7.78647            -2.65683             2.32836
            -8.58188             4.89299             9.62842
            -7.30485             5.92302             9.08468
            -7.68632             5.15689            11.05523
            -9.18206             6.47840            10.08037
            -8.25194             5.53272             9.92387
            -8.94102             4.27224             9.33476
            -9.72473             4.58263             8.25967
            -7.97612             3.41309             8.95317
            -9.59873             3.79195            10.33625
            -9.03379            -7.51768            -6.28589
            -8.50467            -6.10563            -6.88316
            -9.22987            -6.52068            -4.81478
           -10.58693            -6.60278            -6.48250
            -9.31932            -6.82058            -6.13119
            -8.78484            -8.22220            -6.41039
            -7.57010            -8.29773            -5.87156
            -9.56906            -9.13817            -5.90733
            -8.71900            -8.43641            -7.77512
            -2.61815            10.11583            -8.20161
            -4.19666            10.31178            -8.78003
            -3.04593             8.56256            -8.96186
            -2.34586            10.40660            -9.92979
            -2.96138             9.88159            -8.86661
            -2.19634            10.34707            -7.61433
            -2.74499             9.66291            -6.66845
            -0.90621            10.20509            -7.66083
            -2.51889            11.54793            -7.15957
             0.80488             1.70786             5.56517
             2.16291             1.84064             4.44107
             0.09960             2.06477             4.07410
             0.73915             0.21650             4.66029
             1.02002             1.48803             4.83078
             0.69136             1.92864             6.30290
             0.93316             3.20499             6.42805
            -0.64392             1.63746             6.60257
             1.47413             1.28217             7.18279
            -0.51563            12.38101             6.68392
            -1.14810            11.39853             5.41099
             0.41793            10.86595             6.73064
             0.52409            12.50977             5.42616
            -0.24261            11.86078             6.25495
            -0.83358            12.88504             7.23365
            -1.66620            13.61479             6.55523
            -1.40200            12.26273             8.30805
             0.20890            13.64453             7.59612
            13.16626            -1.07862            -9.60500
            13.36501            -0.99705            -7.78281
            12.49781            -2.60868            -9.09552
            11.59461            -0.57136            -8.98401
            12.72253            -1.26140            -8.92927
            13.61766            -0.89082           -10.20359
            13.78360             0.42195           -10.31722
            14.78474            -1.35462           -10.23802
            12.96692            -1.36510           -11.26118
            -2.67597             3.81774             0.93773
            -2.14679             5.20932             0.06011
            -2.70378             3.19893            -0.79464
            -0.88739             3.64189             0.49873
            -2.18602             3.87477             0.28371
            -3.14744             3.72108             1.57083
            -4.42902             4.19744             1.39092
            -3.22763             2.39451             1.88485
            -2.67292             4.28944             2.59964
            13.82083             5.91049            13.54810
            13.93610             7.40179            12.73765
            12.13495             6.34588            13.12107
            13.65439             5.52271            11.86813
            13.43868             6.20993            12.93470
            14.17253             5.60524            14.19181
            14.09937             6.36054            15.28712
            13.69358             4.36140            14.43858
            15.42582             5.47434            13.81688
            10.17619            -8.82455            10.82192
            10.18839           -10.59618            11.51800
            10.42899            -9.83638             9.55925
             8.51249            -9.58586            10.52798
             9.87439            -9.55708            10.74411
            10.46619            -8.12840            11.04141
             9.80725            -7.05642            10.41477
            10.45349            -7.88029            12.29395
            11.67397            -7.96916            10.52799
             7.97827            -6.37160            -3.04672
             9.05931            -5.21672            -2.20490
             7.11475            -4.84110            -3.11548
             8.66364            -5.53658            -4.42429
             8.19157            -5.63382            -3.15192
             7.77112            -7.10467            -2.95206
             6.90120            -7.57646            -3.90675
             8.87151            -7.80797            -2.88725
             7.25531            -7.25377            -1.73498
             1.34803            -1.92917            13.45032
             2.92253            -1.30872            13.96750
             1.01186            -1.01499            14.91171
             1.42753            -0.23816            12.90480
             1.62504            -1.23318            13.74771
             1.09473            -2.64872            13.15859
             1.66615            -2.92054            12.01399
             1.24643            -3.72210            13.94289
            -0.20129            -2.35561            12.95748
             3.09131             8.05799             3.62364
             2.83239             9.61033             2.88794
             1.32483             8.26268             3.47293
             2.82177             7.65858             1.85066
             2.60325             8.29786             3.05486
             3.55936             7.76318             4.17973
             3.21896             6.53193             4.58336
             4.76271             7.78243             3.71273
             3.59985             8.53671             5.24221
             7.18874             3.22114            -3.53527
             5.65240             3.15773            -4.41017
             7.70795             3.19288            -5.19155
             7.01592             4.83667            -4.14033
             6.94147             3.48022            -4.15760
             7.46394             2.87864            -2.87792
             7.82664             1.62625            -3.07728
             8.43981             3.71688            -2.40638
             6.47208             2.84920            -2.00802
            13.45807           -12.18335            13.10328
            13.85460           -13.03632            14.57686
            12.38247           -13.53526            12.92836
            12.20583           -11.86347            14.23214
            13.10197           -12.61449            13.60273
            13.88709           -11.80806            12.58960
            14.21242           -10.67079            13.10865
            14.95962           -12.48672            12.20584
            13.08737           -11.47220            11.57683
           -11.12986            -0.30715            11.21551
           -11.36729             1.45510            11.06424
           -12.65789            -0.14099            10.31053
           -10.52079             0.20693             9.65034
           -11.34237             0.17707            10.64761
           -10.93377            -0.76360            11.77139
            -9.60203            -0.63645            12.03272
           -11.58645            -0.72936            12.92679
           -11.03431            -2.01572            11.31604
             1.05286            -8.89698            13.68822
             0.37508            -9.65792            15.16471
             0.28275            -7.60187            14.61264
             2.19603            -8.57938            14.91975
             0.98871            -8.73835            14.41233
             1.08406            -9.00901            12.87941
             1.83718            -8.10437            12.34269
             1.72255           -10.20166            12.91430
            -0.07560            -9.26614            12.22877
            13.92632            -6.92091           -13.47906
            13.66752            -5.26059           -14.09156
            15.47106            -6.45678           -14.04547
            14.58192            -5.93090           -12.14417
            14.30820            -6.21333           -13.44224
            13.54558            -7.58034           -13.46339
            12.26962            -7.33917           -13.24383
            13.56534            -8.09498           -14.72082
            14.00177            -8.47347           -12.66171
             8.57447           -11.85891            -5.33291
             7.53856           -12.41987            -3.94791
             9.52496           -11.29832            -3.85627
             9.30450           -13.23988            -4.75119
             8.67184           -12.11800            -4.57664
             8.44924           -11.57332            -6.04059
             9.56522           -11.36696            -6.76195
             7.69343           -12.46594            -6.73300
             7.83780           -10.37921            -5.97787
           -11.25288           -10.86140           -11.29775
           -11.56288           -11.14189           -13.06050
           -11.07782           -12.63157           -11.39615
            -9.60377           -11.02541           -11.93860
           -10.90841           -11.39506           -11.82782
           -11.58072           -10.42631           -10.83728
           -12.85030           -10.58598           -10.58550
           -10.99512           -10.57975            -9.63633
           -11.43789            -9.14150           -11.12542
             4.11155           -12.48459             3.50595
             5.56858           -13.43270             3.23444
             5.02493           -12.06740             4.88132
             5.18442           -11.25395             2.85708
             4.85339           -12.33142             3.57850
             3.37489           -12.67520             3.36998
             2.80674           -11.65681             4.02635
             3.12162           -12.71117             2.08611
             2.95973           -13.76185             3.99046
             1.38831            13.61444            -9.31103
             1.63611            15.10665            -8.58562
             0.10711            13.66425            -8.10339
             0.12952            14.71826            -9.90773
             0.91718            14.15855            -9.04079
             1.89812            13.08794            -9.61377
             1.33468            11.95087            -9.25407
             1.96452            13.11469           -10.97641
             3.13345            13.12078            -9.01841
            12.94553           -11.70286            -2.27239
            13.75287           -11.43705            -3.82220
            11.90825           -10.59101            -3.09844
            11.99163           -12.64084            -3.43892
            12.72816           -11.62128            -2.98906
            13.19832           -11.81013            -1.53303
            12.15735           -12.21512            -0.84149
            14.20131           -12.68182            -1.43052
            13.63937           -10.63507            -1.01708
            -7.84707             1.11539             4.97493
            -6.82159             2.52125             5.18820
            -6.26437             0.49372             4.84696
            -7.28139             1.11906             6.66192
            -7.20318             1.26215             5.33465
            -8.48308             0.96785             4.57632
            -8.43440             1.17503             3.30634
            -8.73582            -0.29193             4.85810
            -9.54984             1.67571             5.01261
            -3.07110             3.99808            -5.54506
            -2.28481             4.09132            -3.97879
            -1.51539             3.43902            -5.90087
            -3.08347             2.34269            -4.95679
            -2.60715             3.55677            -5.17775
            -3.52568             4.44959            -5.92274
            -3.17844             5.74618            -5.92335
            -3.67503             4.01271            -7.21262
            -4.69539             4.35014            -5.29138
             6.60255             4.09155             3.73134
             8.09348             3.65473             2.82604
             7.94488             4.61910             4.77030
             7.11078             5.46281             2.91874
             7.31483             4.40029             3.61109
             5.96794             3.77521             3.82176
             5.84344             2.72061             4.63956
             5.21425             4.66913             4.47377
             5.35937             3.42771             2.77850
           -12.23850            -4.28085            -1.32309
           -13.47310            -5.56953            -0.93374
           -13.33143            -3.40470            -0.34615
           -11.79253            -4.80069             0.32306
           -12.61761            -4.51085            -0.68137
           -11.86590            -4.14803            -1.95874
           -12.61723            -3.87751            -2.99947
           -11.23605            -2.97635            -1.65051
           -10.97656            -4.99492            -2.33554
            -2.34675           -10.22175             2.70385
            -3.57122            -9.33281             3.50268
            -1.44294            -9.28039             3.90856
            -2.67277           -11.14175             4.15817
            -2.42958           -10.05011             3.47281
            -2.17843           -10.40898             1.97197
            -2.30151            -9.30013             1.26637
            -1.04563           -10.95619             1.77272
            -3.10051           -11.30940             1.59117
           -12.92541            10.84413            11.17548
           -11.59913            10.17587            12.16586
           -13.61330            10.79488            12.79960
           -12.24762            12.28274            11.99998
           -12.65848            10.99389            11.85495
           -13.20949            10.70512            10.45815
           -12.22212            10.90219             9.52914
           -13.60904             9.43228            10.43663
           -14.25043            11.47002            10.14562
             3.32634            10.08434            -5.89717
             4.34234             9.47672            -7.17460
             4.87183             9.89014            -5.02415
             4.36668            11.47903            -6.42642
             4.07781            10.21343            -6.08832
             2.56894             9.97235            -5.72162
             2.48012             8.96501            -4.79465
             2.07059            11.04449            -5.14817
             1.83024             9.63985            -6.80519
            -9.79627             3.25246            -3.68316
            -9.89934             4.74222            -4.54099
           -10.80476             2.83880            -5.14460
            -8.75466             2.96643            -4.95083
            -9.88108             3.41617            -4.45886
            -9.73447             3.12638            -2.92842
           -10.90835             3.36223            -2.42952
            -9.56318             1.81815            -2.84343
            -8.83282             3.76317            -2.17637
             4.99027            -2.06654             0.97590
             4.92975            -3.72575             0.25335
             3.66321            -2.00743            -0.26304
             3.68916            -2.78771             1.77716
             4.42085            -2.56848             0.69720
             5.51769            -1.57653             1.23881
             6.52726            -2.28333             1.81887
             5.99646            -0.97223             0.19719
             5.16235            -0.61522             2.08186
             8.82465             9.91520           -11.46044
             7.70323            10.84417           -10.59518
             7.49795             8.83662           -11.23855
             7.63786            10.47280           -12.64650
             8.10655             9.98649           -11.49433
             9.62463             9.82024           -11.40975
            10.10487            10.95542           -11.97395
            10.02102             9.64659           -10.15299
             9.93121             8.75053           -12.16606
            -8.63990            11.19069            -8.29083
            -7.30994            12.14983            -7.61582
            -9.19677            12.90572            -8.54334
            -7.78321            11.74360            -9.63278
            -8.34183            11.91602            -8.45779
            -9.03527            10.52539            -8.12463
            -8.04698             9.70844            -7.64550
            -9.84930            10.52720            -7.03659
            -9.59165            10.07143            -9.27049
            -4.87842           -13.03450            -1.88831
            -3.27106           -12.36930            -1.54684
            -5.05881           -11.37036            -2.36155
            -4.08523           -12.94631            -3.42923
            -4.40559           -12.52999            -2.23089
            -5.32201           -13.55461            -1.50981
            -4.75802           -14.76613            -1.31700
            -5.74267           -13.07872            -0.33658
            -6.37324           -13.66629            -2.36138
            11.51754            -1.93484            -4.16171
            10.14562            -0.86021            -3.69847
            11.40722            -2.09233            -2.41930
            10.17194            -3.05478            -3.94671
            10.94563            -1.94930            -3.64969
            12.11649            -1.90539            -4.65874
            11.59351            -1.61138            -5.83590
            12.97124            -0.96536            -4.33532
            12.79861            -3.03446            -4.74404
             7.59818             7.28425            12.53974
             7.34544             9.02739            12.66068
             6.80350             7.65127            14.10158
             5.91379             7.48454            12.17452
             7.03063             7.76050            12.82151
             8.15406             6.80600            12.26196
             8.06218             6.66292            10.92191
             9.36122             7.30499            12.64067
             8.11030             5.57564            12.73652
             2.74712            -5.56883            -4.65958
             3.14211            -5.63764            -6.41059
             2.25045            -4.08327            -5.29131
             1.12391            -5.90838            -5.42852
             2.37148            -5.40647            -5.31487
             3.06942            -5.79037            -4.03107
             2.30358            -5.67418            -2.95633
             3.50329            -7.00786            -4.10137
             4.19308            -5.06425            -3.75246
            -0.18020            -3.44212            -8.47842
            -1.48591            -4.44856            -9.09244
             0.53961            -5.00147            -8.58652
             0.25331            -3.57506           -10.20959
            -0.25201            -4.00291            -9.06466
            -0.15124            -2.88393            -8.00703
             1.09984            -2.34267            -7.86819
            -1.00350            -1.92393            -8.24873
            -0.45749            -3.35941            -6.79241
            12.58142            -8.86194             5.68595
            12.18825           -10.04000             6.87238
            12.16293           -10.30592             4.75107
            10.80961            -8.81318             5.60322
            12.00534            -9.39697             5.66998
            13.05497            -8.34095             5.69889
            13.02490            -7.37925             6.61434
            14.25143            -8.91578             5.73380
            13.11622            -7.70865             4.54279
            11.01780             2.72685             0.40318
            10.89481             2.35478            -1.33765
             9.35997             2.06779             0.12761
            11.26155             1.02963             0.28115
            10.68534             2.19325            -0.01941
            11.30952             3.28050             0.86540
            10.78914             4.44110             0.52113
            11.26477             3.12937             2.19233
            12.56232             3.32575             0.60947
