                      0.000000

                      8.540099                     -5.219121                      8.900272
                      1.562707                      9.607002                     -2.187762
                     -7.471415                     -6.992606                    -11.543612
                     -2.618935                      3.981680                      6.979268
                    -11.020572                     -2.470375                      4.663374
                     -5.194708                    -10.463897                      0.987206
                     10.426845                      8.471726                     10.465354
                     -2.782172                    -12.698265                     -1.036236
                      1.837954                     -7.009523                     -2.028049
                     -7.854053                     -9.085768                      2.484390
                      9.411941                     -8.008600                    -10.100619
                      4.254388                     -0.040929                     -6.893953
                      7.930214                     -3.489626                     -4.732896
                     -8.233985                      9.250392                     -5.504326
                      0.008156                      4.045573                     -1.315901
                      1.703026                    -10.243987                     -6.327922
                     -3.364267                     -2.013624                      3.963694
                    -10.600202                      9.122417                      5.091088
                      6.053352                     -3.476056                      2.124819
                     11.260961                     -2.772428                     -8.167945
                     -6.422950                     10.271092                      7.991574
                     -7.371184                      0.091322                      7.785642
                      7.336477                     11.727325                      2.521302
                     -4.970654                      9.762655                      3.178658
                     -8.127754                     -9.999965                      6.813045
                      4.993801                     11.518899                     -9.575032
                     10.221504                     -4.375646                      2.012721
                     -6.143230                     -7.720636                      3.095556
                      3.877135                      8.882992                    -11.715582
                     -9.913343                      4.229405                     -6.310703
                     10.371287                      6.972688                      0.607237
                      5.482173                     -4.825648                     -7.782545
                      2.082980                      3.975940                     -2.767480
                     -6.892230                      3.730611                      2.884174
                    -12.172281                      4.927462                     -0.264837
                     -5.160767                     -5.690244                      8.424204
                      1.973942                     -1.409396                     -2.526623
                     -1.202256                     -5.244885                     -0.471288
                      3.540269                    -11.422799                     11.554319
                     -0.979193                      3.819658                     -9.870814
                      5.212174                      2.368075                     -0.505358
                           NaN                     -0.691546                      0.530166
                     -8.182207                      9.425966                      2.658633
                      8.739120                     -0.199571                      5.018248
                      9.612432                      5.248653                      5.744726
                     -3.416092                      4.107138                     -7.404586
                      3.749817                     -7.152039                      7.694319
                      0.191304                      9.321942                     -4.073595
                      6.404220                      9.104981                     -2.699899
                     10.525450                      2.564186                     11.571492
                     -4.540055                     -7.347528                     -4.799128
                     -7.670027                     -5.978709                      0.077653
                     -6.423216                      4.307855                      5.849390
                     -0.246028                     -9.951243                     -2.553417
                      2.838694                     10.356865                      1.057134
                           NaN                     -8.463144                     11.046029
                     -0.985022                     10.101441                      9.664239
                      4.849401                    -10.110224                      7.717387
                     -5.715554                     -8.796215                     11.372296
                    -11.099663                      8.588508                     -4.502219
                      0.358287                     -0.812298                      9.172628
                      5.175900                      8.399058                      8.227665
                      4.022410                     -1.960711                      9.088898
                     -0.537732                      2.525044                      7.844016
                      4.820278                    -11.417701                     -9.586982
                      6.826640                      6.749204                    -11.834046
                      2.841067                     -8.713889                      3.960054
                     -8.728715                     -9.747513                     -2.061112
                    -11.447514                      7.520779                     11.749201
                     -7.891369                     -1.304284                     -6.908972
                     -4.847443                     -0.067148                     -6.346370
                      3.273762                      3.254573                      4.173784
                     -1.900050                     -0.062510                      5.290601
                     -3.231342                      1.756513                    -10.791051
                     -5.697370                      2.386710                     -2.692600
                     -2.447210                      2.154842                      7.707745
                      5.751375                     -9.052415                      6.414886
                     10.481457                     -5.358427                     -3.622695
                      4.003702                     -3.599295                      2.771803
                      1.009779                      8.774757                      5.125421
                      8.533368                      3.496705                     -8.835065
                      8.474755                     -9.864865                     11.623679
                     -8.590256                     -0.586395                      3.039887
                     -3.983654                     -8.781790                    -10.144569
                    -11.742612                     -4.296215                     -9.044234
                      6.494844                     -8.709137                     -3.867580
                     -8.727362                    -10.311770                     -8.928547
                     -0.630821                      6.729128                      0.120431
                      7.476070                     11.505152                      6.170576
                      9.911557                     -0.344209                     -4.395064
                     12.134143                      1.174222                      0.986323
                     -1.607650                     -3.005093                     -7.613321
                      6.676218                      1.676006                     -0.421620
                    -11.587230                     -4.597334                     -1.890161
                      2.491218                     -9.629586                     -2.501414
                     -8.197336                      9.715279                     11.473134
                      0.852619                      6.925422                     -8.028658
                     -9.501085                      7.183216                    -10.408071
                     -3.397905                     -2.445301                     -1.671605
                     10.744407                     -0.366390                    -10.494652
                    -11.565091                     10.345647                     -7.671962
                     -6.490838                      9.666116                      0.072199
                      4.108435                      0.841652                     -3.926977
                     10.077339                      5.839394                      8.533647
                      0.696074                     -8.137781                     -8.050035
                     -4.087041                      0.609438                     -8.765455
                      8.533204                     -9.570567                      2.403009
                      9.143872                      6.075051                     -6.417131
